[gd_scene load_steps=7 format=3 uid="uid://df3rwdbsxm0in"]

[ext_resource type="Script" path="res://scripts/player.gd" id="1_8v0g8"]
[ext_resource type="Script" path="res://scripts/point_interact_cast.gd" id="2_6nt6l"]

[sub_resource type="CapsuleMesh" id="CapsuleMesh_kqiuo"]

[sub_resource type="CapsuleShape3D" id="CapsuleShape3D_5ptgn"]

[sub_resource type="CylinderMesh" id="CylinderMesh_xdr2n"]
top_radius = 0.75
bottom_radius = 0.75
height = 0.2

[sub_resource type="CylinderMesh" id="CylinderMesh_tu0dd"]
top_radius = 0.075
bottom_radius = 0.075

[node name="Player" type="CharacterBody3D" node_paths=PackedStringArray("pivot", "mower")]
collision_layer = 2
script = ExtResource("1_8v0g8")
pivot = NodePath("Pivot")
mower = NodePath("Mower/Mower Base")

[node name="MeshInstance3D" type="MeshInstance3D" parent="."]
mesh = SubResource("CapsuleMesh_kqiuo")

[node name="CollisionShape3D" type="CollisionShape3D" parent="."]
shape = SubResource("CapsuleShape3D_5ptgn")

[node name="Pivot" type="Node3D" parent="."]
transform = Transform3D(1, 0, 0, 0, 1, 0, 0, 0, 1, 0, 0.5, 0)

[node name="Camera3D" type="Camera3D" parent="Pivot"]
visible = false

[node name="Point Interact Cast" type="RayCast3D" parent="."]
transform = Transform3D(1, 0, 0, 0, 0.855292, 0.518146, 0, -0.518146, 0.855292, 0, 0.5, 0)
target_position = Vector3(0, 0, -3)
collision_mask = 8
script = ExtResource("2_6nt6l")
draw_size_multiplier = 2.0

[node name="Mower" type="Node3D" parent="."]

[node name="Mower Base" type="MeshInstance3D" parent="Mower"]
transform = Transform3D(1, 0, 0, 0, 1, 0, 0, 0, 1, 0, -0.756423, -2.03685)
mesh = SubResource("CylinderMesh_xdr2n")
skeleton = NodePath("../..")

[node name="MeshInstance3D2" type="MeshInstance3D" parent="Mower"]
transform = Transform3D(1, 0, 0, 0, 0.260825, -0.965386, 0, 0.965386, 0.260825, -0.210856, -0.506921, -0.749647)
mesh = SubResource("CylinderMesh_tu0dd")

[node name="MeshInstance3D3" type="MeshInstance3D" parent="Mower"]
transform = Transform3D(1, 0, 0, 0, 0.260825, -0.965386, 0, 0.965386, 0.260825, 0.214567, -0.506921, -0.749647)
mesh = SubResource("CylinderMesh_tu0dd")

[node name="Paint Timer" type="Timer" parent="."]
